100 23372 1.0101e+06
110 28354 1.34321e+06
120 41897 1.74252e+06
130 51496 2.21403e+06
140 63218 2.76374e+06
150 79679 3.39765e+06
160 86936 4.12176e+06
170 114713 4.94207e+06
180 136345 5.86458e+06
190 175940 6.89529e+06
200 188293 8.0402e+06
210 219448 9.30531e+06
220 236586 1.06966e+07
230 275488 1.22201e+07
240 327921 1.38818e+07
250 363716 1.56878e+07
260 476864 1.76439e+07
270 501666 1.97562e+07
280 575549 2.20307e+07
290 587953 2.44734e+07
300 690437 2.70903e+07
310 844478 2.98874e+07
320 891782 3.28707e+07
330 923954 3.60462e+07
340 1.07022e+06 3.94199e+07
350 1.39561e+06 4.29979e+07
360 1.45767e+06 4.6786e+07
370 1.76175e+06 5.07903e+07
380 1.742e+06 5.50168e+07
390 1.95802e+06 5.94715e+07
400 1.88448e+06 6.41604e+07
410 2.23344e+06 6.90895e+07
420 2.0804e+06 7.42648e+07
430 2.07252e+06 7.96923e+07
440 2.6128e+06 8.5378e+07
450 2.9918e+06 9.1328e+07
460 3.19522e+06 9.75481e+07
470 3.32646e+06 1.04044e+08
480 3.77187e+06 1.10823e+08
490 3.97677e+06 1.1789e+08
500 3.70071e+06 1.25251e+08
