4 9989
5621
856
1937
3136
1306
9074
5645
8862
9370
6474
7578
525
1635
2908
8449
492
8037
5879
1768
7621
2086
8488
7426
6915
5921
7351
1665
2555
8499
3953
395
3537
777
3829
8017
7224
8822
2169
7641
2031
2285
8856
3969
5781
6018
325
7469
4152
255
4593
8414
2119
9725
4766
7694
2393
8737
7828
5417
2875
3565
2074
2061
7994
2245
2392
1258
8479
967
5531
3243
4969
1992
3773
5463
5739
2157
7447
5695
5310
493
5791
1237
6693
8960
5281
4986
5633
6608
6457
7258
5228
1311
2880
2534
4442
472
589
2906
5095
1162
5060
4958
8943
8015
3927
7879
7106
3588
458
1375
9889
7974
3187
1827
9911
6485
3635
4939
4739
5427
622
8176
2051
736
9189
8571
6150
9872
8148
1427
2044
6532
9531
1920
7935
7808
5340
5567
1957
7140
5814
1400
4768
355
1152
1092
4904
963
2110
2039
7465
8994
5775
8455
1573
9079
6194
9201
1565
699
1347
7523
2472
4631
3093
3042
2244
3210
5562
2054
6561
6393
3330
6262
628
4318
6440
2972
6658
9835
7724
8170
8835
5093
2598
5763
5293
6283
730
4433
237
9100
8478
4682
3238
7657
9328
2570
4967
5178
5010
1592
2662
6298
5036
6759
4666
9267
8000
330
768
5855
4642
1613
6567
7423
5651
2886
2042
6609
4528
8312
7953
2191
7735
7533
4541
9227
7730
8732
4182
8999
9873
8550
5670
1966
9250
9810
6196
3994
3326
4607
7201
6898
3052
5236
501
9558
4288
2375
2597
4978
9644
4369
7915
4541
3531
9266
8955
270
9693
2619
7596
775
2870
2372
1658
4184
4176
361
3091
212
7530
4
9989
47
6566
3637
1616
3699
868
9803
8643
9538
3569
8968
1353
733
6483
3121
2780
5597
1120
7062
5722
3560
9401
4776
9215
580
8933
3837
991
4752
824
8889
8078
9328
1955
2673
2380
8042
2726
3418
944
213
8027
4539
5179
7844
8002
5129
6443
6691
2829
1874
124
5194
9362
6046
2494
8742
1903
7698
8348
2401
784
6020
3526
7074
3050
5844
9767
7075
4790
9627
5979
1897
4906
6871
9019
7225
7823
7725
1991
9307
3868
385
1393
8458
5194
8665
4713
504
8428
7014
6245
6203
8766
8681
5536
9656
1881
5728
5124
5801
5490
8669
3641
9810
5585
2731
8554
5311
6029
5892
3101
6999
8588
4165
7291
2704
8991
8007
9102
2457
1552
4006
3276
4903
874
5131
3625
9268
8117
5061
8689
154
9549
4305
48
1292
9133
7505
5782
4452
7854
2465
5740
3567
112
4951
6130
514
3679
9312
9745
2965
7248
6280
2225
5266
3996
114
4858
7835
2500
7393
2077
153
7227
2749
2997
6077
3040
9631
8892
816
2989
6162
1795
5744
7229
1143
7132
1999
5097
3161
2299
883
7151
8091
163
8731
4485
6009
9954
2484
2415
7675
7830
9880
9795
8260
9132
2676
1927
6156
1343
1086
8443
4840
7612
4500
8072
2283
9119
1103
3547
5463
7213
2561
5933
794
3330
215
8526
2561
9343
5754
3237
7837
1195
9648
8094
7477
3060
1572
4555
4943
4624
1583
7898
7837
4476
9274
326
6751
9062
5311
9269
8368
625
5427
924
7421
2668
8146
4720
7979
9567
9133
5628
9645
4324
8720
4287
8152
7882
6281
9140
8458
475
9572
77
9718
7054
6000
5245
1634
5531
4876
9583
8183
5464
7408
4777
4570
4075
3943
9361
9631
4345
5031
1221
8988
8678
4316
7447
7289
4074
6662
5510
7295
643
384
8684
7889
342
2750
4676
1012
6
8842
5450
6520
8458
8583
11
2454
3324
5271
4379
8128
5965
3885
2939
5166
3840
3763
3012
6615
3344
2317
6088
6275
8841
9357
2688
5874
4908
7318
4423
1278
8191
8092
5482
8389
1642
7571
5207
8095
6288
8080
1632
3906
6982
9597
4729
9611
7128
6892
8022
3159
6890
4167
1955
9574
6047
3446
6447
8247
7485
1486
1176
6749
5486
8692
9507
9471
6579
6953
2146
141
1796
264
1173
9950
4235
5771
7659
2532
5091
6143
1953
8595
6074
8231
7870
9708
4769
3370
601
7407
2555
913
8099
4413
8757
8159
3980
9400
9835
4591
7539
2692
1205
1856
2969
4745
7103
8757
4907
5861
2308
7979
6503
4150
4560
8364
1217
5184
236
7899
7079
2981
482
9815
2977
3880
5124
5938
4771
6650
846
2582
2992
5071
5110
9412
4461
9508
2500
2274
2909
8675
6450
4395
3555
113
7505
112
6339
9317
7306
5901
1589
2677
4129
937
4929
7469
1910
7832
9228
1017
7582
9814
1188
839
1902
2692
2833
4569
4400
2112
661
5926
811
7484
2150
7641
496
9262
2620
6231
2771
9590
5028
3072
3523
1171
1561
2177
8773
6657
1939
4955
9008
2996
2174
1991
3696
4206
6518
6147
308
4074
2697
2413
307
2245
6484
529
6498
7843
1570
7296
365
9255
6727
2256
4460
8231
4439
341
5588
3052
9401
5926
230
4750
1123
6628
8512
8111
969
892
5392
6684
1504
1989
9275
5229
3638
7829
6066
5297
4830
3924
3199
726
8327
4994
1190
5552
884
2281
4836
1708
8685
2074
1046
9429
4487
8984
2063
7056
6775
1860
5139
4373
872
8186
8751
3484
4510
7378
5054
2597
158
8674
2611
1164
6476
8464
9192
4062
9543
5808
2040
994
2315
3364
697
2279
393
3633
3003
1641
2349
2894
8187
7195
476
3825
1657
8319
1295
7700
4235
7090
984
4922
9744
4717
1903
8906
2299
